18757522202  15088533383
15715855535  13735311135
13857555120  
13857555011  13867522252
18757522262  13758512399
13675737099  13735271799
13675721399  13735310299
13735391099  13867583199
13567580299  13867593599
13675732899  13735370599
13626858799  13758517699
13819521299  13735390599
13616850199  13735325899
13656758799  13867598399
13735323799  15068522345
18458572345  19883572345
18888794422  18888734747
18458522345  15958580020
15857543456  18888751454
18888724747  18888751414
15268472345  13867599566
13758578366  13616853066
13777308366  13735390166
13867573766  13675791266
13858513766  13706859277
13758572177  13626853177
13867592077  13867592177
13675729277  13735219266
13735373677  13819526766
13758570377  13757552377
13735390577  13616853177
13588593577  13758573977
13575573077  13606856277
13819525677  13757583955
13758513955  13758572655
13587300655  13867593255
13757557355  13615859255
13506857155  13867593955
13867598655  13819592855
13575561355  13735356155
18888713587  18888717655
18888735950  18888708209
18888713670  18888718702
18888712930  18888712963
18888716895  18888723171
18888752231  18888795192
18888718612  18888719809
18888705265  18888708791
18888705679  18888721073
18888753130  18888719656
18888712829  18888721891
18888760950  18888753571
18888716796  18888712913
18888735507  18888716702
18888721539  
13588553601  13625757505
13735291011
13867581533  13757555260
13857570692  13735318110
13757555632  13600636700
13676866927  13989530689
13735255772  13858503811
13625755911  13758516533
13757555980  13587399322
13758588030  13587333716
13989590821  13989530832
13777307611  13858558173
13819522259  13735256533
13867588632  13675751370
13676876520  13867582600
13587371911  13989579363
13867565576  13567582533
13858527100  13857571337
13857558359  13858510322
13600638011  13867587211
13989530839  13819527822
13757557322  13588557903
13867597633  13587379733
13735318900  13575511160
13575523533  13867580700
13588558092  13567532009
13857597897  13819526733
13735355570  13626870100
13857521900  13588558703
13675777172  13675777215
13735355532  13857517757
13857555623  13675756773
13857559590  13857521997
13567535233  13857517800
13606565622  13735200092
13777318200  13819519277
13757553500  13735392911
13675790911  13567520122
13735355003  13575538752
13735379500  13588555973
13655757033
13735255593  13656759366
13777305311  13867523011
13567562800  13735320322
13616750122  13626887511
13675771993  13588558163
13626885633  13675738522
13735350233  13819501985
13757555170  13587329929
13819525011  13588557922
13735398655
13588559716  13506852622
13626755833  13777320611
13675755375  13857551812
13858502600  13587321993
13588558352  13777339383
13588553282  13867599622
13626870070  13857598831
13735395735  13575575781
13857562300  13515850211
13867597867  13857522291
13867595300  13806759853
13858518802  13735389891
13606567300  13625757792
13758571933  13857555130
13676888854  13626888824
13516759202  13757529271
13967596373  13656857627
13675723315  13757538305
13867578305  13735336573
13625856589  13625857152
13625757650  13676860215
13625855383  13587323360
13625853590  13625856737
13625855729  13625856507
13757500512  13676867652
13735296905  13735385619
13625855259  13858528129
13819516621  13957597315
13867501921  13625855623
13867502713  13735279921
13867562362  13857582710
13989558360  13588560937
13867572137  13625853536
13967552983  13625853852
13989568130  13625856313
13656857252  13757513229
13867526173  13967557291
13735390173  13857501085
13758562551  13989575312
13867578103 
13758560976  13625750251
13989577607  13957563781
13676876109  13567571617
13757526531  13957520301
13989570760  13967569270
13735256107  13867568057
13957586352  13967536120
13967530352  13819528903
13757597129  13625856713
13867506106  13675720763
13625855032  13675727289
13757592931  13675750992
13735367330  13486544440
13454544449  13735244440
13486544442  19817753456
18358522212  13454544442
13429544445  18757544442
13454544443  18458511114
18857555524  13857555541
13456544446  13858444407
13486544441  13588555564
18857555534  18857555574
13735255554  13857555549
18888710654  13588555574
18857555514  19818277774
18857555504  18857555564
15957555504  14757555548
13588555540  18857555594
13757513290  13758521950
13735387902  13675777764
18888724884  18888703884
13757513512  13588560731
13588555514  13575544442
13857555564  13989528336
13625857101  13735389891
13656759366  13867578209
15067531255  13777333438
15067573099  13777333924
13989563936  
13819516621
