13989535931  13989593716
13625853536  13600632990
13625855960  13625855269
13625855103  13625855065
13625855956  13625855950
13625856313  13989526836
13625856939  13625856326
13625856281  13625856223
13625856150  13625856121
13625856109  13625853910
13625853630  13989568130
13819562836  13819502901
13757536053  13735270127
13625856783  13735378225
13735370223  13735300325
13587305506  13735260061
13989579772  
13758550621  13735336223
13735336573  13625755981
13587382883  13625855397
13567526221  13858599227
13735300112  13735200335
13735252712  13656759931
13656755976  13867567672
13656752635  13655753700
13867579523  13867506352
13757517056  13676897513
13967590390  13957583076
13957526695  13957520301
13867578305  13867501921
13758563796  13757590830
13757526531  13757520627
13757513512  13757510722
13757510526  13757510213
13757501027  13757500629
13757500729  13735390671
13735388595  13735390173
13735360209  13735290720
13735280831  13735280511
13735279921  13735270923
13735270713  13735260923
13735250630  13735260311
13735200915  13676860215
13676860873  13675770271
13675727289  13675729575
13675723315  13675720763
13587397860  13967538216
13967532125  13967537256
13967528127  13957598961
13867579589  13867523250
13857501306  13819568587
13757598750  13757587532
13757536231  13757531151
13757530620  13735389117
13735385913  13735375960
13735276251  13735275725
13735270053  13735251120
13735221711  13676865905
13676853916  13675796371
13675731572  13675725113
13655851675  13625857610
13587369772  13587306771
13587320836  13625857157
13625857139  13625856337
13625853873  13625853735
13625853376  13625853076
13616755362  13587395659
13587368991  13575507852
13567597192  13567588039
13515753635  13989575312
13819562327  13735318213
13735297886  13735208361
13735207236  13735207085
13735201673  13675738305
13656858157  13588559672
13757570923  13675755819

13989593716  18888700794
18888702469  18888704761
18888704847  18888704909
18888705465  18888710654
18888723304  18888724744
18888726334  18888726944
18888730474  18888734613
18888736104  18888742413
18888743753  18888743757
18888747483  18888754469
18888772454  18888772487
18888779834  18888796482
18888796704  18888796846
18758544443  18358544446
18258555524  17858111172
15957555504  15957555514
13484333354  13454555583
18888751454  18457555540
15715844448  15267544441
13456544446  19883527654
19818272345  18367549876
18357548765  18248609876
18248619876  15268469876
15268472345  15268479876
19883252345  19883255432
19883256543  19857575432
19857577654  19817813456
19814781234  19814783456
19548306543  19548307654
19548302345  18358537654
18248617654  17857203456
17816541234  17816651234
17816536543  15967547654
15967595432  15958546543
15726945432
15268457654  15267575432
15257581234  15257595432
15167556543  15068575432
15068596543  13819547654
13606557654  13575547654
13484362345  19883527654
19817817654  18457525432
18367549876  18357548765
18258548765  18248609876
18248619876  17858148765
17826725432  17826737654
17816657654  15268469876
15268479876  13456535432
19857575704  19857575714
19857575724  19857575745
15268484844  13454545044
13454545585  13454545664
17815757574  15967575754
15957575704  13757575446
13757575524  17815511332
15988229954  13575599334
19817755004  19817755443
17816655774  17815522441
15988221174  15988221194
13575511442  13575544664
13575544994  13575599554
13957511144  14757077744
14757066644  13735344411
13675744422  13616744411
13616744422  19805850799
15167595977  17816539177
17826719677  17826722577
17826723577  17826729277
17858122377  17888257577
18258011977  18358516977
18767511277  19805850877
15167027566  15215966955
15715863055  17857211055
17858101955  17888258255
19817751355  19857500255
15258566733  15715861633
15967511733  17816536033
17857211633  17858139633
18267593733  18368568733
19805850933  15067557322
18357593922  19817751522
15067519311  15068555711
15068567511  15105853211
15215956711  15257558311
15257562611  15257567511
15258527511  15705858211
15925809011  15957553811
17816533211  17857210611
17857210811  17858122311
17858139611  17888256011
18257590311  18258018211
18258063911  18267518311
18267565711  18267566711
18267568311  18267569511
18268756711  18268766211
18268766511  18268770511
18367538211  18367552811
18367557011  18367557511
18368568011  18368577811
18368590611  18368591011
18368596511  18757512811
18758517911  18767535711
18767538911  18767569211
19817752011  19857532511
19883506211  19883572311
19883572711  15158256200
15167505300  17857058700
19805850500  19817759100
15068978520  15167593520
15167597520  15905853520
17826720520  17826723520
18358559520  18767559520
19818268520  19818269520
18357542255  18357543322
18267543300  18267545500
18267542211  18258547733
18258043300  18257543300
18258045533  18258047733
18248607755  18248623322
18248625511  18248631122
15968545500  15967547700
15925845500  15268467755
15268495533  13754394433
13732464411  13732494433
13735247744  13646754411
13645754477  13575507744
13575547744  13575594422
13486574422  13486594411
19858520044  19857520044
18757520044  18367549944
17858520044  17816520044
17815520044  15925825544
14757074433  14757074477
14757564433  13957541144
13754372244  13754391144
13735364499  13626851144
13505854422  13486582244
13486591144  18357542255
18357543322  18267542211
18267543300  18267545500
18258043300  18258045533
18258047733  18258547733
18257543300  18248601133
18248607755  18248609944
18248623322  18248625511
18248631122  17858145511
17858145533  17858146633
17858147700  17858147711
17858148800  17858149922
15968545500  15967547700
15925845500  15268467755
15268475522  15268495533
14757581144  14757594499
14757062244  14757064411
14757064433  14757064477
14757071144  14705854455
13819547744  13754394433
13754397744  13735247744
13732464411  13732465544
13732467744  13732494400
13732494411  13732494433
13732496644  13732497744
13656757744  13646754411
13645754477  13616746644
13616747744  13587346644
13575507744  13575547744
13575594422  13567546644
13567547744  13516757744
13486574422  13486574433
13486589944  13486594411
13456535544  13429524400
13429534400  13429564400
13429574400  13429594400
17867854747  15726950404
15726954141  15267514242
15267524141  15215934242
15167513434  15167524747
13967595454  13967525454
13858438484  13777314242
13819517474  13819524141
13757514343  13757594747
13754336464  13754394545
13735327474  13735334747
13735344242  13735344545
13735344747  13735374747
13732455454  13732464545
13732464747  13732476464
13732484949  13732494242
13732495454  13735214747
13735224747  13735245454
13735264747  13735276464
13735287474  13706757474
13675724747  13675736464
13646754141  13646755454
13655757474  13656754747
13645754747  13645758484
13606857474  13616744040
13616744747  13616746464
13616754747  13588567474
13600637474  13606557474
13606567474  13606574646
13606575454  13587387474
13567205454  13567214747
13567217474  13567544646
13567544747  13567544949
13567546464  13567587474
13575524747  13575537474
13575544343  13575544747
13575546464  13575567474
13575597474  13515754949
13515755454  13516754747
13516754949  13506757474
13486506464  13486509494
13486544242  13486544949
13486554141  13486564040
13486574040  19883254646
18758539494  18458974949
18368548484  18248648484
15988234040  15967596464
15957524646  15925804343
15268470404  15267534646
15267539494  15258540404
15088524949  15068546464
15068574747  13989542424
13967542424  13806741414
13819561414  13819571414
13819591414  13857521414
13858400404  13858411414
13858490404  13858521414
13867521414  13957541414
13957562424  13758512424
13754372424  13754382424
13754392424  13757500404
13732463434  13732473434
13656851414  13587341414
13575542424  13506752424
13486572424  13486581414
13454551414  13454581414
18758500404  18457520404
17867854747  17857507474
17816527474  17816547474
17815517474  15967593434
15726944242  15726950404
15726954141  15267514242
15267524141  15257544040
15215916464  15215934242
15215973434  15167513434
15167524747  14757554141
14757557474  14757563434
14757564141  14757564545
14757567474  14757594646
14757598484  14757073434
14757074141  14757074343
14757074646  14757060404
14757061414  14757063434
14757064242  14757064343
14757064646  14757065454
14757066464  14757071414
13989574141  13967525454
13967595454  13957537474
13957546464  13858407474
13858438484  13806744242
13819517474  13819524141
13819524242  13819528484
13819577474  13777314242
13777344747  13757594747
13757514343  13754334949
13754336464  13754356464
13754394545  13735214747
13735215454  13735224747
13735245454  13735257474
13735264747  13735265454
13735267474  13735274747
13735276464  13735277474
13735287474  13735294646
13735317474  13735327474
13735334747  13735334949
13735344242  13735344545
13735344747  13735374747
13732455454  13732464040
13732464545  13732464747
13732464949  13732467474
13732474040  13732476464
13732484949  13732494242
13732495454  13732497474
13706755454  13706757474
13675724747  13675736464
13675777474  13675785454
13656754747  13656855454
13646754141  13646754343
13646755454  13646756464
13655753434  13655755454
13655757474  13645754545
13645754747  13645758484
13626754747  13626757474
13626865454  13625754949
13625757474  13625857474
13615855454  13616744040
13616744747  13616746464
13616754747  13606564747
13606565454  13606567474
13606574646  13606575454
13606577474  13606755454
13606857474  13588567474
13588575454  13600637474
13606557474  13587315454
13587355454  13587367474
13587375454  13587385454
13587387474  13575507474
13575524747  13575537474
13575544343  13575544747
13575546464  13575567474
13575575454  13575587474
13575597474  13567517474
13567525454  13567537474
13567544343  13567544646
13567544747  13567544949
13567546464  13567557474
13567567474  13567575454
13567577474  13567585454
13567587474  13567597474
13567205454  13567214747
13567215454  13567217474
13516754747  13516754949
13516757474  13515754949
13515755454  13506757474
13506853434  13506857474
13486506464  13486509494
13486514242  13486519494
13486544242  13486544949
13486546464  13486554141
13486556464  13486564040
13486566464  13486574040
13486594747  13484326464
13484359494  13484363434
13456513434  13456534242
13456546464  13456596464
13429493434  13429511414
13429516464  13429518484
13429529494  13429546464
13429554545  13429566464
13429584141  13429596464
13429599494  13454506464
13454526464  13454553434
13454566464  15968500061
18257599912  17888253230
17888258975  17888259561
15257555083  15905855530
18305855506  15067501169
15067511736  15067553510
15067556830  15067558996
15067559052  15067571597
15068520309  15068520851
15068520970  15068533536
15068535976  15068536173
15068536809  15068550932
15068553516  15068559013
15068559721  15068561127
15068573632  15068976621
15068997263  15105855865
15157520773  15157580069
15158263207  15158291109
15158291713  15158295031
15158297392  15158297525
15158299560  15167017532
15167020131  15167020393
15167022656  15167023202
15167023397  15167023582
15167023657  15167023775
15167025223  15167025287
15167025561  15167025829
15167026162  15167026795
15167028075  15167028121
15167035201  15167039557
15167501827  15167523591
15167523820  15167533920
15167551591  15167563760
15167591125  15167595112
15167595207  15205858227
15215900627  15215911201
15215913037  15215915693
15215917067  15215919081
15215919397  15215921902
15215928152  15215930309
15215950232  15215952096
15215953195  15215960201
15215960530  15215960802
15215960821  15215961031
15215969257  15215971312
15215980706  15215993725
15257507506  15257508982
15257520792  15257523979
15257529396  15257539071
15257551925  15257553063
15257556153  15257559131
15257559350  15257561393
15257561873  15257562821
15257562875  15257566112
15257567339  15257568952
15257569631  15257569679
15257578959  15257597190
15257598575  15258502782
15258503119  15258503397
15258508131  15258515232
15258525279  15258526073
15258552027  15258552081
15258552391  15258561170
15258566290  15258569212
15258570901  15258572231
15258573680  15258575319
15258576056  15258576390
15258576997  15258577203
15267501723  15267503179
15267505315  15267513112
15267516176  15267517205
15267520703  15267560062
15267565202  15267575912
15267576003  15705851223
15705855090  15705855617
15705855703  15705856803
15705858107  15715821169
15715827717  15715833639
15715837996  15715850331
15715850632  15715851691
15715852970  15715853279
15715853950  15715859002
15715862263  15715862816
15715869530  15715869703
15726956526  15726957207
15726957386  15757581663
15757586076  15757590615
15857509293  15857513983
15857598587  15905853781
15905855370  15905856021
15905856121  15905856172
15905856197  15905856759
15905857326  15905859702
15925810336  15925810509
15925810610  15925820613
15925831680  15925850113
15925853117  15925868110
15925879819  15925896702
15925897195  15925899015
15925899672  15957520225
15957520907  15957525710
15957533213  15957535293
15957550907  15957563117
15957591783  15958511383
15958512807  15958517051
15958520951  15958538507
15958551193  15958553261
15958569735  15958577660
15958578252  15967501376
15967511009  15967511057
15967511067  15967511071
15967511093  15967511163
15967511173  15967511215
15967511296  15967511301
15967511335  15967511593
15967511796  15967529852
15967535209  15967538676
15967550725  15967560205
15967566117  15967570126
15967570713  15967570927
15967575615  15967577685
15967595351  15967595763
15967598301  15967598761
15968500513  15968500830
15968500926  15968501206
15968507671  15968510635
15968511752  15968511773
15968511805  15968511860
15968511901  15968511935
15968516110  15968520295
15968525836  15968550821
15968560217  15968570113
15968570225  15968570315
15968570523  15968570709
15968575031  15968591189
15988209731  15988210107
15988213736  15988250053
15988261130  15988267831
15988291362  15067551114
13656757774  13486504447
13486534449  13486594446
19805851114  19557537774
19529710004  19532634440
18758519994  18757547774
18757525554  18368513334
18368515554  18368517774
18368574440  18368576664
18367594443  18367529994
18367534441  18358537774
18358547774  18358574446
18357549994  18357556664
18357559994  18357562224
18357593334  18357509994
18357517774  18357529994
18248634447  17858145554
17858146664  17858147774
17858149994  17857051114
17816545554  17816546664
17815749994  15925824445
15925840004  15267586664
15267595554  15267543334
15267552224  15267565554
15258502224  15258539994
15258564447  15258571114
15258574449  15267506664
15257534440  15257539994
15257569994  15257597774
15167512224  15167540004
15167562224  15167009994
15167013334  15158205554
15158207774  15158232224
15158274448  15157516664
15157589994  15157591114
14757065554  14757552224
14757562224  14705852224
13967563334  13819573334
13819582224  13857591114
13858464446  13867581114
13675781114  13676853334
13646752224  13486524445
13456574441  13456594445
13429492224  15957504445
15067551114  14757553334
14757564440  14757574442
14757574449  14757592224
14757595554  14757064441
14757064442  14757064443
14757064446  14757064449
14705854442  13754346664
13735216664  13735297774
13735315554  13735345554
13735395554  13675794441
13656757774  13616745554
13616746664  13575507774
13486504447  13486513334
13486534449  13486554440
13486562224  13486594446
13484324440  13484334446
13484354440  13484354441
13484394440  13456514440
13456514445  13456524445
13456524447  13456524449
13456534441  13456534445
13456534447  13456572224
13456591114  13456504446
13454564440  13454574441
13454574443  13454584442
13454594442  
17805850379  17805859931
17815501962  17815502070
17815506353  17815511332
17815513729  17815519250
17815519276  17815522801
17815522893  17815523610
17815523721  17815528823
17815751712  17815752053
17815753060  17815753592
17815756015  17815757285
17815757381  17815758167
17815758219  17815758261
17815759573  17816530280
17816533501  17816535079
17816535756  17816535803
17816536135  17816536251
17816536287  17816536302
17816536693  17816536813
17816537523  17816537601
17816538021  17816538130
17816538357  17816539237
17816539601  17816650369
17816650793  17816650912
17826713686  17826716150
17826716512  17826716732
17826717201  17826717317
17826717612  17826717737
17826717835  17826717915
17826717927  17826718763
17826718772  17826718913
17826719061  17826719067
17826719079  17826719105
17826719207  17826719209
17826719239  17826719261
17826719272  17826721352
17826721389  17826721570
17826721727  17826721791
17826722501  17826722629
17826722890  17826722912
17826723017  17826723057
17826723079  17826723170
17826723179  17826723180
17826723226  17826723295
17826723312  17826723569
17826723579  17826723625
17826723697  17826723713
17826723730  17826723731
17826723785  17826723825
17826723915  17826725036
17826725061  17826725065
17826725071  17826725365
17826725372  17826725956
17826725976  17826727175
17826727201  17826727209
17826727357  17826727360
17826727581  17826727591
17826727596  17826727597
17826727731  17826727783
17826728516  17826728601
17826729052  17826729125
17826729165  17826729175
17826729185  17826729186
17826729195  17826729207
17826729213  17826729215
17826729273  17826729306
17826729335  17826729337
17826729356  17826729357
17826729395  17826729579
17826729583  17826729763
17826730115  17826730573
17826731202  17826731376
17826731892  17826731921
17826732027  17826732039
17826732971  17826733386
17826738365  17826739560
17826739680  17857051196
17857051271  17857052927
17857053582  17857055017
17857055710  17857056127
17857057063  17857058397
17857059953  17857200171
17857200292  17857200371
17857200635  17857200639
17857200715  17857200819
17857201091  17857201763
17857202035  17857202632
17857202690  17857202832
17857203176  17857205013
17857205031  17857205523
17857205563  17857206207
17857206595  17857206759
17857207197  17857207393
17857207521  17857207816
17857207829  17857208016
17857208079  17857208273
17857208293  17857208796
17857208817  17857208852
17857208905  17857208906
17857208956  17857209065
17857209092  17857209235
17857210176  17857210253
17857210325  17857210736
17857211061  17857211169
17857211207  17857211281
17857211285  17857211306
17857211502  17857211532
17857211539  17857211571
17857211579  17857211592
17857211610  17857211623
17857211693  17857211795
17857211802  17857211806
17857211823  17857211832
17857211850  17857211851
17857211936  17857211950
17857211996  17857212071
17857216723  17857216805
17857217079  17857217395
17857218115  17857218253
17857218351  17857218591
17857218671  17857218705
17857219213  17857500151
17857500232  17857500350
17857500573  17857500709
17857500769  17857501127
17857501180  17857501201
17857501713  17857501760
17857502062  17857502637
17857503073  17857503529
17857505297  17857506092
17857506137  17857506139
17857506573  17857507589
17857507621  17857508705
17857508762  17857509013
17857509892  17858100662
17858101337  17858101605
17858110157  17858110351
17858110397  17858110736
17858110760  17858111172
17858111252  17858111696
17858111697  17858111935
17858112132  17858112167
17858112362  17858112376
17858112536  17858113036
17858113162  17858113637
17858115021  17858115079
17858115972  17858118056
17858118525  17858119205
17858119312  17858121167
17858121190  17858121320
17858121827  17858121852
17858122103  17858122117
17858122573  17858122716
17858123117  17858127853
17858150173  17858150292
17858150719  17858151060
17858151326  17858152291
17858152616  17858152621
17858152735  17858153057
17858153136  17858153139
17858153191  17858153192
17858153209  17858153269
17858165189  17858169731
17867850817  17867851962
17867853051  17867853382
17867855113  17867855693
17867856176  17867859673
17867859879  18205857231
18205859721  18205859897
18257528719  18257535729
18257559163  18257567152
18257591101  18258011252
18258011257  18258013010
18258023391  18258060023
18258067092  18258067113
18258071101  18258080010
18258513383  18258531290
18258532751  18258558392
18258565221  18258595670
18267510031  18267531760
18267533872  18267539550
18267556253  18267560823
18267562902  18267563116
18267571170  18267572061
18268771196  18268771851
18268779767  18268791160
18268792620  18268795712
18357539115  18357558117
18357569812  18357570050
18357590050  18358511217
18358511270  18358511383
18358511907  18358517193
18358520113  18358521137
18358521180  18358533919
18358539035  18358562687
18358563279  18358563775
18358569182  18367505283
18367505871  18367506113
18367506617  18367510891
18367520683  18367526280
18367527201  18367538769
18367538986  18367539589
18367550221  18367551537
18367553297  18367558872
18367559276  18367560050
18367561183  18367562291
18367563267  18367581150
18367590823  18368513253
18368520029  18368539671
18368539737  18368560115
18368569867  18368573112
18368575201  18368575202
18368578692  18368579950
18368582387  18368591157
18368595909  18757511097
18757511283  18757511337
18757511531  18757511819
18757511837  18757511930
18757522313  18758511291
18758511292  18758511329
18758511663  18758527112
18758539209  18767511052
18767511281  18767511353
18767511780  18767536010
18767565206  18767581185
18767582115  18857503676
18857539956  19529700380
19529700397  19529703352
19529703376  19529708001
19529708780  19529709121
19529710395  19529710553
19529710719  19529711735
19529712689  19529713690
19529713891  19529717217
19529718371  19529719235
19532630037  19532630669
19532630882  19532631660
19532631730  19532631970
19532632339  19532633109
19532633385  19532633986
19532635125  19532635502
19532635560  19532635619
19532635637  19532635663
19532635671  19532636281
19532636351  19532636365
19532636372  19532636670
19532636759  19532637229
19532637309  19532637832
19532638337  19532638353
19532638552  19532639389
19532639967  19537220165
19537220297  19537220395
19537220507  19537220621
19537220972  19537221121
19537221251  19537221290
19537221353  19537221375
19537221539  19537221939
19537222069  19537222125
19537222376  19537222731
19537222819  19537222919
19537223153  19537223206
19537223251  19537223801
19537225257  19537226063
19537226617  19537227079
19537228163  19537229179
19805850507  19805850570
19805850576  19805850583
19805850593  19805850639
19805850651  19805850657
19805850671  19805850689
19805850691  19805850693
19805850697  19805850723
19805850753  19805850760
19805850780  19805850807
19805850810  19805850836
19805850851  19805850860
19805850862  19805850869
19805850875  19805850887
19805850950  19805850976
19805850981  19805851023
19805851027  19805851032
19805851057  19805851062
19805851075  19805851089
19805851107  19805851132
19805851137  19805851163
19805851165  19805851179
19805851206  19805851219
19805851223  19817750265
19817750297  19817750681
19817751369  19817751909
19817752023  19817752026
19817752050  19817752053
19817752057  19817752062
19817752070  19817752073
19817752301  19817752657
19817752985  19817753203
19817753795  19817753951
19817753981  19817755092
19817755203  19817755237
19817756359  19817756761
19817756975  19817757053
19817757306  19817758535
19817758605  19817758853
19817759387  19817759501
19817759625  19817759651
19817759739  19817759882
19817759971  19818256303
19818257561  19818258081
19818259030  19857501181
19857505116  19857532115
19857533782  19858573065
19858579117  19858591071
19883500521  19883501121
19883501165  19883501753
19883512972  19883533875
19883559581  19883571126
19883571165  19883571170
19883573670  19883576131
19883579826  13905852054
13905852794  13905852864
13905852954  13906751434
13906751464  13906751624
13906752044  13906752054
13906752074  13906752084
13906752094  13906752148
13906851464  13906851764
13906852034  13906852994
13806740864  13806756864
13806758274  13806758714
13806740049  13806744201
13806757874  13806758154
13806758954  13806740346
13806740413  13806740430
13806740455  13806740479
13806741245  13806741249
13806741411  13806741414
13806741646  13806742041
13806742140  13806742234
13806742430  13806742463
13806742468  13806742647
13806743247  13806743894
13806743904  13806744019
13806744035  13806744165
13806744171  13806744352
13806744639  13806744674
13806744814  13806744983
13806745124  13806745264
13806745441  13806745514
13806745715  13806745864
13806746254  13806746764
13806747548  13806747864
13806747884  13806747964
13806748014  13806748704
13806748964  13806749304
13806749341  13806749432
13806749934  13806751448
13806754171  13806756514
13806757564  13806757754
13806759574  13806759774
13806760304  13806760424
13806763443  13806765764
13806769614  13806740049
13806740864  13806741284
13806743597  13806743612
13806744201  13806744203
13806744242  13806744382
13806744401  13806745571
13806747042  13806747436
13806755834  13806755864
13806755874  13806755894
13806756864  13806757814
13806757854  13806757874
13806757894  13806758044
13806758154  13806758274
13806758374  13806758524
13806758624  13806758714
13806758954  13806759834
13806760041  13806768064
13806768141  13806768264
13806768414
